1 0.616162 0 0 0 0 0 0 0 0 0 0 0 0 0 0 0 0 0 0 0 0 0 0 0 0 0 0 0 0
0 0 0 0 0 0 mod_params;
3 19 1 4 5 0 7 8 4 10 11 0 13 33 33 33 33 34 35 36 37 38 39 40 2 26
27 99 29 30 80 32 33 81 108 36 harm_params;
-0.28 -0.28 -0.23 -0.17 -0.14 -0.09 -0.16 -0.07 0 0.04 0.07 0.1 0.14
0.16 0.19 0.19 0.18 0.12 0.06 -0.00999999 -0.07 -0.11 -0.14 -0.16 -0.21
-0.21 -0.2 -0.15 -0.09 -0.06 0.04 0.07 0.11 0.12 0.12 0.13 ratio_params
;
50 16 18.6667 26 25.3333 40.6667 48 49.3333 62.6667 68 72 74 74.6667
74.6667 72 70 67.3333 63.3333 59.3333 51.3333 46 41.3333 16 17.3333
22 29.3333 39.3333 46.6667 52.6667 58.6667 60 60 57.3333 47.3333 29.3333
19.3333 volume_params;
-0.48 0.04 0.08 0.36 0.44 0.56 0.72 0.88 0.92 0.92 0.96 1 1 1 1 0.84
0.84 0.64 0.52 0.2 0.08 0 -0.2 -0.4 -0.72 -0.76 -0.96 -1 -0.96 -0.92
-0.92 -0.88 -0.84 -0.76 -0.4 -0.16 pan_params;
