0.000
0.000
0.000
0.000
0.000
0.000
0.000
0.000
0.000
0.000
0.000
0.000
0.000
0.000
0.000
0.000
0.000
0.000
0.000
0.000
0.000
0.000
0.000
0.000
0.000
0.000
0.000
0.000
0.000
0.000
0.000
0.000
0.000
0.000
0.000
0.000
0.000
0.000
0.000
0.000
0.000
0.000
0.000
0.000
0.000
0.000
0.000
0.000
0.000
0.300
0.600
0.900
1.200
1.500
1.800
2.100
2.400
2.700
3.000
3.300
3.600
3.900
4.200
4.500
4.800
5.100
5.400
5.700
6.000
6.000
6.000
6.000
6.000
6.000
6.000
6.000
6.000
6.000
6.000
6.000
6.000
6.000
6.000
6.000
6.000
6.000
6.000
6.000
6.000
6.000
6.000
6.000
6.000
6.000
6.000
6.000
6.000
6.000
6.000
6.000
5.980
5.960
5.940
5.920
5.900
5.880
5.860
5.840
5.820
5.800
5.780
5.760
5.740
5.720
5.700
5.680
5.660
5.640
5.620
5.600
5.580
5.560
5.540
5.520
5.500
5.480
5.460
5.440
5.420
5.400
5.380
5.360
5.340
5.320
5.300
5.280
5.260
5.240
5.220
5.200
5.180
5.160
5.140
5.120
5.100
5.080
5.060
5.040
5.020
5.000
4.960
4.920
4.880
4.840
4.800
4.760
4.720
4.680
4.640
4.600
4.560
4.520
4.480
4.440
4.400
4.360
4.320
4.280
4.240
4.200
4.160
4.120
4.080
4.040
4.000
4.040
4.080
4.120
4.160
4.200
4.240
4.280
4.320
4.360
4.400
4.440
4.480
4.520
4.560
4.600
4.640
4.680
4.720
4.760
4.800
4.840
4.880
4.920
4.960
5.000
5.067
5.133
5.200
5.267
5.333
5.400
5.467
5.533
5.600
5.667
5.733
5.800
5.867
5.933
6.000
6.067
6.133
6.200
6.267
6.333
6.400
6.467
6.533
6.600
6.667
6.733
6.800
6.867
6.933
7.000
6.988
6.975
6.963
6.950
6.938
6.925
6.913
6.900
6.888
6.875
6.863
6.850
6.838
6.825
6.813
6.800
6.788
6.775
6.763
6.750
6.738
6.725
6.713
6.700
6.688
6.675
6.663
6.650
6.638
6.625
6.613
6.600
6.588
6.575
6.563
6.550
6.538
6.525
6.513
6.500
6.488
6.475
6.463
6.450
6.438
6.425
6.413
6.400
6.388
6.375
6.363
6.350
6.338
6.325
6.313
6.300
6.288
6.275
6.263
6.250
6.238
6.225
6.213
6.200
6.188
6.175
6.163
6.150
6.138
6.125
6.113
6.100
6.088
6.075
6.063
6.050
6.038
6.025
6.013
6.025
5.965
5.905
5.845
5.785
5.725
5.665
5.605
5.545
5.485
5.425
5.365
5.305
5.245
5.185
5.125
5.065
5.005
4.945
4.885
4.825
4.765
4.705
4.645
4.585
4.525
4.465
4.405
4.345
4.285
4.225
4.165
4.105
4.045
3.985
3.925
3.865
3.805
3.745
3.685
3.625
3.565
3.505
3.445
3.385
3.325
3.265
3.205
3.145
3.085
3.025
3.000
3.000
3.000
3.000
3.000
3.000
3.000
3.000
3.000
3.000
3.000
3.000
3.000
3.000
3.000
3.000
3.000
3.000
3.000
3.000
3.000
3.000
3.000
3.000
3.000
3.000
3.000
3.000
3.000
3.000
3.000
3.000
3.000
3.000
3.000
3.000
3.000
3.000
3.000
3.000
3.063
3.125
3.188
3.250
3.313
3.375
3.438
3.500
3.563
3.625
3.688
3.750
3.813
3.875
3.938
4.000
4.063
4.125
4.188
4.250
4.313
4.375
4.438
4.500
4.563
4.625
4.688
4.750
4.813
4.875
4.938
5.000
5.063
5.125
5.188
5.250
5.313
5.375
5.438
5.500
5.563
5.625
5.688
5.750
5.813
5.875
5.938
6.000
6.063
6.125
6.188
6.250
6.313
6.375
6.438
6.500
6.563
6.625
6.688
6.750
6.813
6.875
6.938
7.000
7.063
7.125
7.188
7.250
7.313
7.375
7.438
7.500
7.563
7.625
7.688
7.750
7.813
7.875
7.938
8.000
7.750
7.500
7.250
7.000
6.750
6.500
6.250
6.000
5.750
5.500
5.250
5.000
4.750
4.500
4.250
4.000
3.750
3.500
3.250
3.000
3.025
3.050
3.075
3.100
3.125
3.150
3.175
3.200
3.225
3.250
3.275
3.300
3.325
3.350
3.375
3.400
3.425
3.450
3.475
3.500
3.525
3.550
3.575
3.600
3.625
3.650
3.675
3.700
3.725
3.750
3.775
3.800
3.825
3.850
3.875
3.900
3.925
3.950
3.975
4.000
3.980
3.960
3.940
3.920
3.900
3.880
3.860
3.840
3.820
3.800
3.780
3.760
3.740
3.720
3.700
3.680
3.660
3.640
3.620
3.600
3.580
3.560
3.540
3.520
3.500
3.480
3.460
3.440
3.420
3.400
3.380
3.360
3.340
3.320
3.300
3.280
3.260
3.240
3.220
3.200
3.180
3.160
3.140
3.120
3.100
3.080
3.060
3.040
3.020
3.000
3.460
3.920
4.380
4.840
5.300
5.760
6.220
6.680
7.140
7.600
8.060
8.520
8.980
9.440
9.900
10.360
10.820
11.280
11.740
12.200
12.660
13.120
13.580
14.040
14.500
14.960
15.420
15.880
16.340
16.800
17.260
17.720
18.180
18.640
19.100
19.560
20.020
20.480
20.940
21.400
21.860
22.320
22.780
23.240
23.700
24.160
24.620
25.000
25.000
25.000
25.000
25.000
25.000
25.000
25.000
25.000
25.000
25.000
25.000
25.000
25.000
25.000
25.000
25.000
25.000
25.000
25.000
25.000
25.000
25.000
24.450
23.900
23.350
22.800
22.250
21.700
21.150
20.600
20.050
19.500
18.950
18.400
17.850
17.300
16.750
16.200
15.650
15.100
14.550
14.000
13.450
12.900
12.350
11.800
11.250
10.700
10.150
9.600
9.050
8.500
7.950
7.400
6.850
6.300
5.750
5.200
4.650
4.100
3.550
3.000
3.067
3.133
3.200
3.267
3.333
3.400
3.467
3.533
3.600
3.667
3.733
3.800
3.867
3.933
4.000
4.067
4.133
4.200
4.267
4.333
4.400
4.467
4.533
4.600
4.667
4.733
4.800
4.867
4.933
5.000
4.950
4.900
4.850
4.800
4.750
4.700
4.650
4.600
4.550
4.500
4.450
4.400
4.350
4.300
4.250
4.200
4.150
4.100
4.050
4.000
4.050
4.100
4.150
4.200
4.250
4.300
4.350
4.400
4.450
4.500
4.550
4.600
4.650
4.700
4.750
4.800
4.850
4.900
4.950
5.000
5.050
5.100
5.150
5.200
5.250
5.300
5.350
5.400
5.450
5.500
5.550
5.600
5.650
5.700
5.750
5.800
5.850
5.900
5.950
6.000
6.000
6.000
6.000
6.000
6.000
6.000
6.000
6.000
6.000
6.000
5.940
5.880
5.820
5.760
5.700
5.640
5.580
5.520
5.460
5.400
5.340
5.280
5.220
5.160
5.100
5.040
4.980
4.920
4.860
4.800
4.740
4.680
4.620
4.560
4.500
4.440
4.380
4.320
4.260
4.200
4.140
4.080
4.020
3.960
3.900
3.840
3.780
3.720
3.660
3.600
3.540
3.480
3.420
3.360
3.300
3.240
3.180
3.120
3.060
3.000
2.940
2.880
2.820
2.760
2.700
2.640
2.580
2.520
2.460
2.400
2.340
2.280
2.220
2.160
2.100
2.040
1.980
1.920
1.860
1.800
1.740
1.680
1.620
1.560
1.500
1.440
1.380
1.320
1.260
1.200
1.140
1.080
1.020
0.960
0.900
0.840
0.780
0.720
0.660
0.600
0.540
0.480
0.420
0.360
0.300
0.240
0.180
0.120
0.060
0.000
0.000
0.000
0.000
0.000
0.000
0.000
0.000
0.000
0.000
0.000
0.000
0.000
0.000
0.000
0.000
0.000
0.000
0.000
0.000
0.000
0.350
0.700
1.050
1.400
1.750
2.100
2.450
2.800
3.150
3.500
3.850
4.200
4.550
4.900
5.250
5.600
5.950
6.300
6.650
7.000
7.350
7.700
8.050
8.400
8.750
9.100
9.450
9.800
10.150
10.500
10.850
11.200
11.550
11.900
12.250
12.600
12.950
13.300
13.650
14.000
14.350
14.700
15.050
15.400
15.750
16.100
16.450
16.800
17.150
17.500
17.850
18.200
18.550
18.900
19.250
19.600
19.950
20.300
20.650
21.000
20.813
20.625
20.438
20.250
20.063
19.875
19.688
19.500
19.313
19.125
18.938
18.750
18.563
18.375
18.188
18.000
17.813
17.625
17.438
17.250
17.063
16.875
16.688
16.500
16.313
16.125
15.938
15.750
15.563
15.375
15.188
15.000
14.813
14.625
14.438
14.250
14.063
13.875
13.688
13.500
13.313
13.125
12.938
12.750
12.563
12.375
12.188
12.000
11.813
11.625
11.438
11.250
11.063
10.875
10.688
10.500
10.313
10.125
9.938
9.750
9.563
9.375
9.188
9.000
8.813
8.625
8.438
8.250
8.063
7.875
7.688
7.500
7.313
7.125
6.938
6.750
6.563
6.375
6.188
6.000
6.000
6.000
6.000
6.000
6.000
6.000
6.000
6.000
6.000
6.000
6.000
6.000
6.000
6.000
6.000
6.000
6.000
6.000
6.000
6.000
6.000
6.000
6.000
6.000
6.000
6.000
6.000
6.000
6.000
6.000
6.000
6.000
6.000
6.000
6.000
6.000
6.000
6.000
6.000
6.000
6.000
6.000
6.000
6.000
6.000
6.000
6.000
6.000
6.000
6.000
6.100
6.200
6.300
6.400
6.500
6.600
6.700
6.800
6.900
7.000
6.867
6.733
6.600
6.467
6.333
6.200
6.067
5.933
5.800
5.667
5.533
5.400
5.267
5.133
5.000
4.867
4.733
4.600
4.467
4.333
4.200
4.067
3.933
3.800
3.667
3.533
3.400
3.267
3.133
3.000
3.200
3.400
3.600
3.800
4.000
4.200
4.400
4.600
4.800
5.000
4.933
4.867
4.800
4.733
4.667
4.600
4.533
4.467
4.400
4.333
4.267
4.200
4.133
4.067
4.000
3.933
3.867
3.800
3.733
3.667
3.600
3.533
3.467
3.400
3.333
3.267
3.200
3.133
3.067
3.000
2.933
2.867
2.800
2.733
2.667
2.600
2.533
2.467
2.400
2.333
2.267
2.200
2.133
2.067
2.000
1.933
1.867
1.800
1.733
1.667
1.600
1.533
1.467
1.400
1.333
1.267
1.200
1.133
1.067
1.000
1.171
1.343
1.514
1.686
1.857
2.029
2.200
2.371
2.543
2.714
2.886
3.057
3.229
3.400
3.571
3.743
3.914
4.086
4.257
4.429
4.600
4.771
4.943
5.114
5.286
5.457
5.629
5.800
5.971
6.143
6.314
6.486
6.657
6.829
7.000
7.171
7.343
7.514
7.686
7.857
8.029
8.200
8.371
8.543
8.714
8.886
9.057
9.229
9.400
9.571
9.743
9.914
10.086
10.257
10.429
10.600
10.771
10.943
11.114
11.286
11.457
11.629
11.800
11.971
12.143
12.314
12.486
12.657
12.829
13.000
13.067
13.133
13.200
13.267
13.333
13.400
13.467
13.533
13.600
13.667
13.733
13.800
13.867
13.933
14.000
14.067
14.133
14.200
14.267
14.333
14.400
14.467
14.533
14.600
14.667
14.733
14.800
14.867
14.933
15.000
15.000
15.000
15.000
15.000
15.000
15.000
15.000
15.000
15.000
15.000
15.000
15.000
15.000
15.000
15.000
15.000
15.000
15.000
15.000
15.000
14.820
14.640
14.460
14.280
14.100
13.920
13.740
13.560
13.380
13.200
13.020
12.840
12.660
12.480
12.300
12.120
11.940
11.760
11.580
11.400
11.220
11.040
10.860
10.680
10.500
10.320
10.140
9.960
9.780
9.600
9.420
9.240
9.060
8.880
8.700
8.520
8.340
8.160
7.980
7.800
7.620
7.440
7.260
7.080
6.900
6.720
6.540
6.360
6.180
6.000
6.000
6.000
6.000
6.000
6.000
6.000
6.000
6.000
6.000
6.000
6.000
6.000
6.000
6.000
6.000
6.000
6.000
6.000
6.000
6.000
6.000
6.000
6.000
6.000
6.000
6.000
6.000
6.000
6.000
6.000
6.000
6.000
6.000
6.000
6.000
6.000
6.000
6.000
6.000
6.000
6.000
6.000
6.000
6.000
6.000
6.000
6.000
6.000
6.000
6.000
6.000
6.000
6.000
6.000
6.000
6.000
6.000
6.000
6.000
6.000
6.000
6.000
6.000
6.000
6.000
6.000
6.000
6.000
6.000
6.000
6.000
6.000
6.000
6.000
6.000
6.000
6.000
6.000
6.000
6.000
6.000
6.000
6.000
6.000
6.000
6.000
6.000
6.000
6.000
6.000
6.000
6.000
6.000
6.000
6.000
6.000
6.000
6.000
6.000
6.000
6.000
6.000
6.000
6.000
6.000
6.000
6.000
6.000
6.000
6.000
6.000
6.000
6.000
6.000
6.000
6.000
6.000
6.000
6.000
6.000
6.014
6.029
6.043
6.057
6.071
6.086
6.100
6.114
6.129
6.143
6.157
6.171
6.186
6.200
6.214
6.229
6.243
6.257
6.271
6.286
6.300
6.314
6.329
6.343
6.357
6.371
6.386
6.400
6.414
6.429
6.443
6.457
6.471
6.486
6.500
6.514
6.529
6.543
6.557
6.571
6.586
6.600
6.614
6.629
6.643
6.657
6.671
6.686
6.700
6.714
6.729
6.743
6.757
6.771
6.786
6.800
6.814
6.829
6.843
6.857
6.871
6.886
6.900
6.914
6.929
6.943
6.957
6.971
6.986
7.000
6.825
6.650
6.475
6.300
6.125
5.950
5.775
5.600
5.425
5.250
5.075
4.900
4.725
4.550
4.375
4.200
4.025
3.850
3.675
3.500
3.325
3.150
2.975
2.800
2.625
2.450
2.275
2.100
1.925
1.750
1.575
1.400
1.225
1.050
0.875
0.700
0.525
0.350
0.175
0.000
0.000
0.000
0.000
0.000
0.000
0.000
0.000
0.000
0.000
0.000
0.000
0.000
0.000
0.000
0.000
0.000
0.000
0.000
0.000
0.000
-0.175
-0.350
-0.525
-0.700
-0.875
-1.050
-1.225
-1.400
-1.575
-1.750
-1.925
-2.100
-2.275
-2.450
-2.625
-2.800
-2.975
-3.150
-3.325
-3.500
-3.675
-3.850
-4.025
-4.200
-4.375
-4.550
-4.725
-4.900
-5.075
-5.250
-5.425
-5.600
-5.775
-5.950
-6.125
-6.300
-6.475
-6.650
-6.825
-7.000
-6.975
-6.950
-6.925
-6.900
-6.875
-6.850
-6.825
-6.800
-6.775
-6.750
-6.725
-6.700
-6.675
-6.650
-6.625
-6.600
-6.575
-6.550
-6.525
-6.500
-6.475
-6.450
-6.425
-6.400
-6.375
-6.350
-6.325
-6.300
-6.275
-6.250
-6.225
-6.200
-6.175
-6.150
-6.125
-6.100
-6.075
-6.050
-6.025
-6.000
-5.850
-5.700
-5.550
-5.400
-5.250
-5.100
-4.950
-4.800
-4.650
-4.500
-4.350
-4.200
-4.050
-3.900
-3.750
-3.600
-3.450
-3.300
-3.150
-3.000
-2.850
-2.700
-2.550
-2.400
-2.250
-2.100
-1.950
-1.800
-1.650
-1.500
-1.350
-1.200
-1.050
-0.900
-0.750
-0.600
-0.450
-0.300
-0.150
0.000
