0.0215443 1 0 0 0 0 0 0 0 0 0 0 0 0 0 0 0 0 0 0 0 0 0 0 0 0 0 0 0 0
0 0 0 0 0 0 mod_params;
22 19 1 4 5 0 7 8 4 10 11 0 13 14 33 0 17 18 113 0 81 22 72 24 2 26
27 99 29 30 80 32 33 81 108 36 harm_params;
0 0 0 0 -0.36 -0.32 -0.45 -0.14 -0.05 -0.05 -0.06 -0.00999999 0.09
0.14 0.18 0.19 0.19 0.2 0.2 0.14 -0.15 0.04 -0.00999999 -0.00999999
0 -0.02 -0.03 -0.03 0.00999999 0.04 0.11 0.14 0.29 0.38 0.47 0.5 ratio_params
;
50 45.3333 50 84 59.3333 45.3333 46 81.3333 50 53.3333 55.3333 16 57.3333
64 60 60.6667 62 55.3333 62.6667 50.6667 40.6667 37.3333 43.3333 44
50 55.3333 36.6667 65.3333 66 46 68 46.6667 70.6667 73.3333 74.6667
75.3333 volume_params;
0 0.1 -0.1 0.36 0.28 -0.12 -0.08 0.08 -0.84 0.36 -0.4 -0.32 0.44 0.7
0.4 -0.36 -0.32 -0.4 -0.64 -0.48 -0.28 -1 0.04 -1 0.04 0.12 0.16 -1
0.24 0.55 -0.28 -1 -0.08 -0.08 -0.32 -0.08 pan_params;
